# Signal Generation Parameters
# Frequency: 5 Hz
# Amplitude: 1
# SampleRate: 100 Hz
# Duration: 1 sec
# Date: 20.04.2026 20:41:59
# -----------------------------
0.000000
0.309017
0.587785
0.809017
0.951057
1.000000
0.951057
0.809017
0.587785
0.309017
0.000000
-0.309017
-0.587785
-0.809017
-0.951057
-1.000000
-0.951057
-0.809017
-0.587785
-0.309017
-0.000000
0.309017
0.587785
0.809017
0.951057
1.000000
0.951057
0.809017
0.587785
0.309017
0.000000
-0.309017
-0.587785
-0.809017
-0.951057
-1.000000
-0.951057
-0.809017
-0.587785
-0.309017
-0.000000
0.309017
0.587785
0.809017
0.951057
1.000000
0.951057
0.809017
0.587785
0.309017
0.000000
-0.309017
-0.587785
-0.809017
-0.951057
-1.000000
-0.951057
-0.809017
-0.587785
-0.309017
-0.000000
0.309017
0.587785
0.809017
0.951057
1.000000
0.951057
0.809017
0.587785
0.309017
0.000000
-0.309017
-0.587785
-0.809017
-0.951057
-1.000000
-0.951057
-0.809017
-0.587785
-0.309017
-0.000000
0.309017
0.587785
0.809017
0.951057
1.000000
0.951057
0.809017
0.587785
0.309017
0.000000
-0.309017
-0.587785
-0.809017
-0.951057
-1.000000
-0.951057
-0.809017
-0.587785
-0.309017
